cordoba1:
#cordoba
1402106

#valle medio
14005
14030
14033
14036
14017
14065
14049
14053

cordoba2:
1402101
1402102
1402103
1402104
1402107
1402108

cordoba3:
1402105
1402109
1402110

cordoba4:
#Valle del Guadiato
14009
14026
14029
14032
14011
14047
14052
14064
14068
14071
14073
#Los Pedroches
14003
14006
14008
14016
14020
14023
14074
14028
14034
14035
14051
14054
14061
14062
14069
14070
14072
#Alto Guadalquivir
14001
14012
14014
14018
14043
14050
14066
14067

cordoba5:
#Campiña de Baena
14007
14019
14025
14046
14063
#Campiña Sur
14002
14027
14057
14040
14041
14042
14044
14045
14056
14059
14060

cordoba6:
#Subbética
14004
14010
14013
14015
14022
14024
14031
14037
14038
14039
14048
14055
14058
14075