huelva1:
21006
21015
21017
21003
21023
21037
21057
21058
21063
21065
21068
21072
21075
21076
21010
21021
21042
21044
21066
21073

huelva2:
2104101
2104102
2104103
2104104
2104106
2104107
2104108

huelva3:
2104105
21002
21035
21050
21055
21060
21064
#4 municipios del condado
21011
21014
21046
21070

huelva4:
#resto del condado
21005
21013
21030
21032
21040
21054
21047
21053
21056
21061
21074
21077
#cuenca minera
21012
21019
21018
21036
21049
21052
21078
#sierra
21001
21004
21007
21008
21009
21016
21020
21022
21024
21025
21026
21027
21028
21029
21031
21033
21034
21038
21039
21043
21051
21045
21048
21059
21062
21067
21069
21071
21079