cadiz1:
11016
1102702
11030
11032
11037

cadiz2:
1102701
1102703
1102704
1102003
1102007
1102008
1102009

cadiz3:
1102001
1102002
1102004
1102005
1102006

cadiz4:
11002
11003
11005
11006
11009
11010
11011
11017
11018
11019
11024
11026
11029
11034
11036
11038
11040
11041
11042
1102010
11001
11025
11902

cadiz5:
11012
1102801
1102802
1102804003
1102804004
1102804006

cadiz6:
11031
1102803
1102804001
1102804002
1102804005
1102804007
1102804008
1102804009
1102804010
1101501
1101502

cadiz7:
1101503
1101504
1101505
11007
11014
11023
11039
11901

cadiz8:
11004
11035

cadiz9:
11008
11013
11021
11022
11033