almeria1:
#almeria
0401301
0401302
0401303
0401304
0401305
0401306
0401307
-0401307021
-0401307022
-0401307023
-0401307024
-0401307038
-0401307040
-0401307041

almeria2:
#almeria
0401307021
0401307022
0401307023
0401307024
0401307038
0401307040
0401307041
0401308
#Comarca Metropolitana de Almería
04024
04047
04052
04066
04074
04078
04081
04101
#Los Filabres - Tabernas
04001
04002
04009
04026
04027
04033
04045
04050
04060
04901
04065
04068
04082
04088
04090
04094
04095
04097

almeria3:
#la mojonera, roquetas y vicar
04079
04102
04903

almeria4:
#Alpujarra Almeriense
04005
04007
04010
04011
04012
04014
04015
04020
04023
04028
04030
04046
04051
04054
04055
04057
04067
04071
04073
04077
04080
04091
#Poniente Almeriense
04003
04029
04038
04902
04041
04043

almeria5:
#Valle del Almanzora
04004
04006
04008
04017
04018
04019
04021
04031
04036
04034
04044
04056
04058
04061
04062
04069
04070
04072
04076
04083
04084
04085
04087
04089
04092
04096
04103
#Levante Almeriense
04016
04022
04032
04035
04049
04053
04048
04059
04064
04075
04086
04093
04100
#Comarca de los Vélez
04037
04063
04098
04099
