badajoz1:
#badajoz
06015
-0601508


badajoz2:

#tierra de badajoz
0601508
06006
06903
06005
06037
06902
06123
06128
06901
06155

#tierra de merida-vegas bajas
06009
06012
06025
06031
06038
06043
06032
06046
06058
06090
06115
06072
06083
06084
06088
06103
06107
06132
06135


badajoz3:
#llanos de olivenza
06007
06010
06016
06042
06066
06092
06095
06129
06131
06143
06154
#sierra suroeste
06050
06067
06070
06093
06116
06117
06140
06147
06148
06159
#tentudia
06020
06021
06024
06026
06052
06055
06085
06086
06124
#zafra rio bodion
06008
06013
06022
06027
06049
06054
06071
06089
06099
06122
06081
06108
06141
06142
06158


badajoz4:
#oliva, zarza, villagonzalo, alange, don alvaro, valverde, san pedro
06004
06094
06162
06151
06145
06119

#tierra de barros
06002
06011
06040
06045
06068
06069
06098
06104
06106
06113
06121
06126
06133
06149
06152

#campiña sur
06003
06014
06019
06029
06034
06053
06059
06065
06073
06074
06076
06077
06101
06105
06110
06112
06134
06136
06139
06144
06150


badajoz5:
#vegas altas
06001
06041
06044
06060
06061
06079
06080
06082
06091
06096
06097
06111
06120
06138
06153
06156
#la serena
06018
06023
06028
06030
06036
06047
06064
06039
06075
06078
06087
06100
06109
06146
06160
06161
#la siberia
06017
06033
06035
06048
06051
06056
06057
06062
06063
06102
06114
06118
06125
06127
06130
06137
06157