castellon1:
12040
-1204009

castellon2:
#castellon
1204009
#La Plana Alta
12009
12028
12029
12031
12033
12050
12085
12094
12103
12105
12117
12120
12124
12128
12132
12902

#borriana
12032

castellon3:
#El Alto Mijares
12013
12015
12017
12041
12046
12048
12058
12059
12063
12064
12073
12078
12079
12092
12113
12116
12118
12123
12130
12131
12133
12142

#El Alto Palancia
12008
12010
12012
12018
12020
12022
12024
12039
12043
12056
12065
12067
12069
12071
12076
12081
12088
12090
12097
12104
12106
12107
12110
12114
12115
12125
12140

#El Baix Maestrat
12004
12027
12034
12036
12037
12044
12052
12070
12089
12093
12096
12098
12099
12100
12101
12102
12121
12138

#Els Ports
12038
12045
12061
12068
12075
12080
12083
12087
12091
12112
12127
12137
12141

#L'Alcalatén
12001
12005
12025
12049
12055
12060
12072
12122
12139

#L'Alt Maestrat
12003
12014
12026
12042
12051
12111
12119
12129
12134

castellon4:
#La Plana Baixa
12002
12006
12007
12011
12016
12021
12053
12057
12074
12077
12084
12095
12108
12109
12126
12135
12136
12082
12901