lleida1:
#lleida, alcarràs, sudanell, albatàrrec, gimenells y montoliu de lleida
25120
25007
25011
25142
25211
25912

lleida2:
#resto del segria
25038
25004
25010
25012
25013
25014
25016
25019
25020
25021
25023
25033
25036
25053
25078
25102
25125
25133
25131
25174
25182
25189
25200
25204
25210
25212
25226
25228
25232
25233
25254
25251

#garrigues
25006
25009
25029
25170
25058
25056
25067
25073
25076
25081
25092
25097
25101
25105
25118
25119
25153
25169
25180
25206
25218
25224
25253
25255

#urgell
25003
25027
25046
25050
25070
25074
25096
25109
25130
25145
25154
25157
25176
25181
25902
25217
25225
25238
25242
25244

#pla d'urgell
25041
25048
25052
25068
25093
25099
25113
25122
25135
25137
25158
25168
25205
25230
25248
25252

lleida3:
25
-25120
-25038
-25004
-25007
-25010
-25011
-25012
-25013
-25014
-25016
-25019
-25020
-25021
-25023
-25033
-25036
-25053
-25078
-25912
-25102
-25125
-25133
-25131
-25142
-25174
-25182
-25189
-25200
-25204
-25210
-25211
-25212
-25226
-25228
-25232
-25233
-25254
-25251
-25006
-25009
-25029
-25170
-25058
-25056
-25067
-25073
-25076
-25081
-25092
-25097
-25101
-25105
-25118
-25119
-25153
-25169
-25180
-25206
-25218
-25224
-25253
-25255
-25003
-25027
-25046
-25050
-25070
-25074
-25096
-25109
-25130
-25145
-25154
-25157
-25176
-25181
-25902
-25217
-25225
-25238
-25242
-25244
-25041
-25048
-25052
-25068
-25093
-25099
-25113
-25122
-25135
-25137
-25158
-25168
-25205
-25230
-25248
-25252