salamanca1:
37274
-3727403

salamanca2:
#salamanca
3727403
#campo charro
37023
37025
37032
37040
37041
37050
37059
37069
37070
37072
37079
37085
37087
37088
37117
37253
37129
37142
37149
37273
37346
37175
37187
37192
37203
37205
37209
37211
37230
37240
37241
37270
37289
37291
37281
37294
37316
37320
37344
37352
37353
#ciudad rodrigo
37107
37002
37037
37157
37181
37199
37303
37306
37307
37378
37015
37074
37086
37096
37127
37140
37145
37166
37005
37006
37011
37056
37258
37264
37272
37356
37357
37359
37054
37091
37119
37136
37233
37234
37221
37245
37269
37371
37001
37009
37026
37052
37068
37097
37115
37135
37183
37204
37260
37267
37279
37304
37321

#vitigudino
37003
37039
37049
37055
37101
37137
37132
37160
37173
37223
37266
37285
37311
37373
37014
37184
37190
37250
37302
37364
37350
37004
37028
37042
37044
37058
37065
37100
37180
37191
37123
37154
37165
37243
37349
37381
37262
37275
37280
37328
37337
37340
37361
37367
37106
37113
37126
37208
37248
37249
37257
37360
37363
37366
37376
37377



salamanca3:
37
#campo charro
-37023
-37025
-37032
-37040
-37041
-37050
-37059
-37069
-37070
-37072
-37079
-37085
-37087
-37088
-37117
-37253
-37129
-37142
-37149
-37273
-37346
-37175
-37187
-37192
-37203
-37205
-37209
-37211
-37230
-37240
-37241
-37270
-37274
-37289
-37291
-37281
-37294
-37316
-37320
-37344
-37352
-37353
#ciudad rodrigo
-37107
-37002
-37037
-37157
-37181
-37199
-37303
-37306
-37307
-37378
-37015
-37074
-37086
-37096
-37127
-37140
-37145
-37166
-37005
-37006
-37011
-37056
-37258
-37264
-37272
-37356
-37357
-37359
-37054
-37091
-37119
-37136
-37233
-37234
-37221
-37245
-37269
-37371
-37001
-37009
-37026
-37052
-37068
-37097
-37115
-37135
-37183
-37204
-37260
-37267
-37279
-37304
-37321
#vitigudino
-37003
-37039
-37049
-37055
-37101
-37137
-37132
-37160
-37173
-37223
-37266
-37285
-37311
-37373
-37014
-37184
-37190
-37250
-37302
-37364
-37350
-37004
-37028
-37042
-37044
-37058
-37065
-37100
-37180
-37191
-37123
-37154
-37165
-37243
-37349
-37381
-37262
-37275
-37280
-37328
-37337
-37340
-37361
-37367
-37106
-37113
-37126
-37208
-37248
-37249
-37257
-37360
-37363
-37366
-37376
-37377
