valladolid1:
#valladolid
4718601
4718602
4718603
4718604
4718605
4718606
4718607

valladolid2:
#valladolid
4718609
4718610
4718611

valladolid3:
#valladolid
4718612
4718608

#pisuerga
47010
47027
47050
47055
47057
47071
47130
47144
47155
47161
47174
47184
47231


#montes torozos
47001
47018
47036
47051
47066
47069
47099
47081
47217
47014
47142
47230
47212
47097
47098
47115
47043
47041
47042
47163
47149
47151
47168
47171
47188
47191
47213
47216
47225
47190
47135



#tierra de campos
47003
47013
47015
47019
47024
47026
47028
47029
47040
47046
47048
47058
47064
47070
47073
47176
47084
47086
47088
47089
47091
47092
47094
47096
47109
47125
47128
47134
47140
47148
47152
47153
47162
47164
47177
47178
47181
47183
47185
47187
47196
47197
47198
47199
47203
47205
47207
47208
47211
47209
47214
47215
47222
47219
47220
47223
47227
47229


#paramos del esgueva
47060
47034
47062
47169
47039
47047
47200
47009
47206
47061
47117
47221
47105
47103
47224
47044
47133
47195
47226

#campo de peñafiel
47012
47022
47030
47033
47038
47054
47056
47059
47063
47077
47080
47106
47114
47116
47118
47119
47127
47129
47131
47137
47143
47172
47170
47179
47180

valladolid4:
#tierra de medina
47011
47020
47025
47031
47035
47049
47067
47078
47085
47095
47100
47102
47123
47132
47138
47141
47147
47156
47189
47218
47228
47232


#tierra de pinares
47006
47007
47032
47090
47111
47122
47145
47194
47002
47005
47008
47021
47023
47052
47053
47068
47074
47075
47076
47079
47110
47087
47093
47104
47112
47126
47154
47157
47173
47175
47182
47193



#tierra del vino
47004
47016
47017
47037
47045
47065
47158
47082
47083
47101
47113
47121
47124
47139
47146
47150
47159
47160
47165
47166
47167
47192
47204
47210