vizcaya1:
#bilbao
4802002
4802003
4802006

vizcaya2:
#bilbao
4802001
4802007
4802008

vizcaya3:
#bilbao, basauri
48015
4802004
4802005


vizcaya4:
#Bilbo Handia / Gran Bilbao
48011
48901
48902
48036
48052
48081
48903
48904
48905
48097
48054
48029



vizcaya5:
#portugalete, getxo, berango
48016
48044
48078

vizcaya6:
#barakaldo, sestao
48013
48084

vizcaya7:
#abanto, muskiz, ortuella, trapagaran, zierbena, santurce, alonsotegi
48002
48071
48080
48082
48083
48912
48913

#Enkartazioak / Encartaciones
48008
48090
48037
48042
48045
48022
48051
48086
48087
48096
vizcaya8:
#Arratia Nerbioi / Arratia-Nervión
48005
48006
48093
48009
48023
48026
48094
48075
48072
48088
48065
48074
48024
48025
#Durangaldea / Duranguesado
48001
48003
48091
48092
48019
48027
48032
48034
48039
48910
48050
48055
48058
48059
48095
vizcaya9:
#Gernika-Bermeo
48911
48914
48017
48021
48028
48031
48033
48079
48906
48041
48046
48048
48907
48062
48066
48068
48908
48067
48909
48076
#Markina-Ondarroa
48004
48070
48018
48030
48047
48049
48057
48060
48063
48007
48073
48915
#Plentzia-Mungia
48010
48012
48014
48035
48038
48040
48043
48053
48056
48061
48064
48069
48077
48085
48089