navarra1:
#Merindad de Estella.
31001
31002
31005
31008
31011
31012
31013
31014
31015
31021
31026
31029
31030
31035
31036
31039
31041
31042
31043
31046
31047
31061
31063
31066
31074
31079
31080
31096
31097
31100
31116
31118
31120
31121
31125
31139
31141
31142
31143
31145
31148
31152
31154
31157
31160
31161
31162
31165
31166
31168
31170
31174
31175
31177
31182
31184
31190
31200
31204
31214
31215
31219
31223
31224
31225
31230
31231
31251
31255
31257
31260
31265
31099

#Merindad de Olite.
31038
31045
31051
31053
31065
31104
31107
31114
31150
31163
31167
31169
31171
31178
31179
31191
31192
31202
31205
31207
31217
31220
31227
31235
31238
31197

#vilafranca, cadreita
31254
31064

#puente de la reina, obanos, añorbe, eneritz
31206
31018
31183
31089

navarra2:
#pamplona
3120101
3120102
3120103
3120104
3120105
3120108

navarra3:
#pamplona
3120106
3120107
#burlada, egues, huarte
31060
31086
31122

#villava, ansoain
31016
31258


navarra4:
#Merindad de Pamplona.
31903
31007
31010
31017
31020
31025
31024
31022
31027
31031
31037
31040
31044
31901
31049
31050
31137
31052
31905
31902
31054
31055
31056
31075
31073
31076
31193
31081
31083
31084
31085
31087
31090
31091
31098
31082
31101
31102
31109
31117
31123
31126
31127
31904
31129
31130
31131
31136
31138
31140
31144
31147
31149
31908
31153
31180
31186
31187
31188
31189
31194
31906
31213
31221
31226
31229
31234
31236
31239
31240
31244
31246
31250
31253
31259
31262
31907
31263
31264


navarra5:
#Merindad de Sangüesa.
31003
31004
31009
31019
31023
31028
31033
31034
31058
31059
31069
31071
31092
31094
31095
31093
31103
31110
31111
31112
31113
31115
31119
31124
31128
31132
31133
31134
31135
31146
31151
31155
31156
31158
31159
31172
31181
31088
31185
31195
31196
31198
31199
31203
31209
31210
31211
31212
31216
31222
31228
31237
31241
31242
31243
31245
31247
31248
31252
31256
31261

#Merindad de Tudela.
31164
31006
31032
31048
31057
31062
31067
31068
31072
31077
31078
31105
31106
31108
31173
31176
31208
31232
31233
31249
31070