zaragoza1:
#zaragoza
5029702
5029703

zaragoza2:
5029710

zaragoza3:
5029701
5029706
5029709


zaragoza4:
5029704
5029705

zaragoza5:
#zaragoza
5029707
5029708
5029711
5029712
#utebo
50272

zaragoza6:
#zuera, villanueva, san mateo
50288
50298
50235

#Bajo Cinca
50165
#Bajo Aragón-Caspe
50074
50092
50102
50105
50152
50189


#Delimitación Comarcal de Zaragoza
50017
50056
50062
50066
50089
50115
50131
50163
50164
50180
50193
50199
50203
50219
50285
50903

#Ribera Baja del Ebro
50012
50019
50083
50101
50119
50208
50222
50240
50278
50296
#Los Monegros
50022
50059
50104
50137
50170
50206
#Campo de Belchite
50021
50023
50039
50045
50085
50114
50133
50136
50139
50171
50179
50213
50218
50233
50275
#Campo de Cariñena
50004
50005
50007
50018
50073
50088
50098
50143
50167
50181
50200
50264
50290
50295
#Campo de Daroca
50002
50016
50028
50037
50040
50042
50048
50080
50090
50091
50094
50108
50117
50124
50134
50138
50149
50154
50161
50184
50188
50195
50224
50227
50239
50256
50258
50271
50273
50274
50283
50289
50291
50292
50294
#Valdejalón
50024
50025
50026
50044
50068
50093
50099
50146
50150
50175
50182
50211
50225
50228
50231
50236
50269

zaragoza7:


#aranda
50031
50057
50069
50121
50126
50130
50166
50198
50214
50221
50243
50254
50266
#Campo de Borja
50003
50006
50010
50011
50027
50052
50055
50060
50061
50111
50113
50153
50156
50160
50191
50216
50249
50250
#Cinco Villas
50033
50036
50041
50901
50051
50077
50078
50095
50100
50109
50128
50135
50142
50144
50148
50151
50902
50186
50197
50205
50207
50210
50220
50230
50244
50248
50252
50267
50268
50270
50276
#Comunidad de Calatayud
50001
50009
50015
50020
50029
50032
50034
50038
50046
50047
50050
50054
50058
50065
50067
50070
50071
50072
50075
50076
50079
50081
50082
50084
50086
50087
50096
50110
50116
50120
50125
50129
50155
50159
50162
50169
50172
50173
50174
50176
50177
50178
50183
50187
50192
50194
50196
50201
50202
50215
50229
50241
50242
50246
50253
50255
50257
50259
50260
50263
50277
50279
50284
50286
50287
50293
50282
#Hoya de Huesca
50185
50238
#La Jacetania
50035
50168
50232
50245
#Ribera Alta del Ebro
50008
50013
50043
50053
50064
50107
50118
50123
50132
50147
50204
50209
50212
50217
50223
50247
50262
#Tarazona y el Moncayo
50014
50030
50063
50106
50122
50140
50141
50157
50190
50234
50237
50251
50261
50265
50280
50281