valencia1:
#València
4625001
4625002
4625003
462500700
462500701
4625007020
4625007041

valencia2:
4625007
-462500700
-462500701
-4625007020
-4625007041
4625008
4625009

valencia3:
#València
4625010
4625011
4625013001
4625013002
4625013003
4625013004
4625013005
4625013030

valencia4:
#València
4625004
4625005
4625015
4625014013
4625014014
4625014023


valencia5:
#València
4625006
4625012
4625013
-4625013001
-4625013002
-4625013003
-4625013004
-4625013005
-4625013030
4625014
-4625014013
-4625014014
-4625014023

valencia6:
#valencia
4625016
4625017
4625018

#burjassot, godella, rocafort, tavernes, bonrepos, almassera
46078
46135
46216
46032
46074
46237


valencia7:
#L'Horta Nord
46009
46013
46014
46025
46117
46126
46163
46164
46166
46171
46177
46199
46204
46205
46207
46260

valencia8:
#torrent, picassent, alcasser, silla, beniparerell, picanya
46244
46015
46194
46230
46065
46193

valencia9:
#valencia
4625019
#L'Horta Sud
46007
46022
46054
46094
46152
46165
46186
46223

valencia10:
#xirivella, aldaia, mislata, alaquas
46005
46021
46110
46169

valencia11:
#quart, manises, paterna
46102
46159
46190

valencia12:
#El Camp de Morvedre
46010
46024
46028
46030
46052
46058
46082
46101
46103
46120
46122
46134
46192
46220
46224
46245

#serra, naquera, betera
46070
46178
46228


valencia13:
#El Camp de Túria
46051
46067
46089
46116
46147
46148
46161
46182
46202
46214
46256
46902
46903

valencia14:
#El Rincón de Ademuz
46001
46087
46088
46092
46201
46242
46252
#La Hoya de Buñol
46012
46077
46109
46111
46115
46136
46158
46229
46261
#El Valle de Cofrentes-Ayora
46044
46097
46099
46142
46144
46239
46263
#La Canal de Navarrés
46039
46071
46073
46107
46118
46167
46179
46206
#La Plana de Utiel-Requena
46080
46095
46108
46129
46213
46232
46249
46254
46259
#Los Serranos
46018
46036
46038
46041
46050
46076
46079
46106
46112
46114
46133
46141
46149
46191
46234
46241
46247
46258
46262


valencia15:
#La Vall d'Albaida
46003
46004
46006
46027
46042
46043
46047
46049
46056
46057
46062
46068
46069
46072
46075
46086
46090
46104
46124
46138
46150
46173
46175
46183
46184
46185
46189
46196
46200
46210
46219
46221
46226
46240


#La Safor
46002
46023
46033
46034
46037
46055
46061
46091
46127
46153
46181
46187
46198
46208
46211
46218
46255

valencia16:
#tavernes, benifairo, simat, barx, xeraco, xeresa, gandia, benirredra, daimuz, guardamar, bellreguart, miramar, piles, palmera
46238
46059
46231
46046
46143
46146
46066
46131
46113
46140
46048
46168
46188
46195


valencia17:
#La Ribera Baixa
46008
46035
46098
46105
46123
46125
46155
46197
46215
46233
46235
46904

#benifaio, alginet, algemesi
46060
46031
46029


valencia18:
#La Costera
46020
46045
46081
46096
46121
46128
46132
46137
46145
46151
46154
46157
46170
46174
46180
46217
46243
46251
46253

#carcaixent, rafelguaraf, la pobla, l'enova, sant joanet, manuel, senyera, castello de la ribera
46083
46209
46203
46119
46222
46227
46160
46257


valencia19:
#La Ribera Alta
46017
46011
46016
46019
46026
46040
46053
46063
46064
46084
46085
46093
46100
46130
46139
46156
46162
46172
46176
46212
46225
46236
46246
46248