sevilla1:
4109101
4109102

sevilla2:
4109103
4109108

sevilla3:
#triana, norte de sevilla
4109106
4109107

sevilla4:
4100404006
4100404030
4100404026
4100404018
4100402
4109104

sevilla5:
4100404005
4109109

sevilla6:
4109105
4109110
4109111

sevilla7:
#dos hermanas
41038

sevilla8:
#resto del AM de Sevilla Norte
41021
41028
41029
41040
41047
41086
41093
41096
41089
41085

sevilla9:
#AM Sur
41010
41017
41059
41079
41034
41044
41070
41902

sevilla10:
#aljarafe
41003
41012
41015
41016
41025
41030
41051
41067
41075
41087
41094
41097
41098

#Sierra Norte
41002
41009
41013
41027
41031
41032
41033
41043
41057
41073
41080
41083
41045
41048
41049
41078
41066
41088

sevilla11:
#bajo guadalquivir menos coronil y los molares
41903
41020
41053
41069
41095

sevilla12:
#Carmona
41024
41102
41022
41058

41004
-4100402
-4100404006
-4100404005
-4100404030
-4100404026
-4100404018

sevilla13:
#Moron, Marchena, coronil, los molares
41035
41036
41011
41077
41060
41063
41064
41065
41071

sevilla14:
#Ecija y Sierra Sur
41901
41039
41042
41056

41001
41008
41014
41026
41084
41090
41041
41046
41050
41052
41082
41054
41037
41061
41062
41068
41072
41076
41100

sevilla15:
#Vega
41005
41006
41018
41019
41023
41007
41081
41055
41074
41092
41099
41101