malaga1:
#serrania de ronda
29006
29014
29020
29021
29022
29024
29028
29029
29037
29046
29052
29056
29057
29060
29063
29064
29065
29074
29077
29081
29084

#manilva, casares, estepona
29041
29051
29068

malaga2:
#benahavis, marbella
29023
29069

malaga3:
#mijas, fuengirola
29054
29070

malaga4:
#benaladena, torremolinos
29025
29901

malaga5:
#nieves
29001
29015
29039
29055
29059
29072
29902

#guadalteba
29010
29018
29032
29035
29036
29048
29088
29089

#antequera
29013
29040
29031
29058
29061
29073
29076
29090
29100

malaga6:
#guadalhorce
29007
29008
29011
29012
29038
29042
29080
29093

malaga7:
#rincon, velez-malaga, algarrobo
29005
29082
29094

malaga8:
#resto axarquia
29002
29003
29004
29009
29016
29019
29026
29027
29030
29033
29034
29043
29044
29045
29050
29053
29062
29066
29071
29075
29079
29083
29085
29086
29087
29091
29092
29099

#nororma
29017
29047
29049
29095
29096
29097
29098

malaga9:
2906701
2906702
2906704
2906706

malaga10:
2906703
2906705
2906707

malaga11:
2906708
2906711
2906710019
2906710021
2906710069
2906710070
2906710072

malaga12:
2906709
2906710
-2906710019
-2906710021
-2906710069
-2906710070
-2906710072