jaen1:
#jaen, mejgibar, mancha real, la guardia, villatorres
23038
23050
23058
23061
23903

jaen2:
#Sierra Sur
23002
23003
23026
23033
23093
#Comarca Metropolitana de Jaén
23034
23035
23041
23051
23099
23060
23069
23077
23086
23087
23098

jaen3:
#Campiña de Jaén
23005
23006
23007
23027
23031
23032
23040
23056
23059
23096
#Sierra Morena
23004
23010
23011
23021
23039
23049
23024
23076

jaen4:
#La Loma
23009
23014
23020
23046
23057
23074
23075
23085
23088
23092

#linares
23055

jaen5:
#El Condado
23008
23025
23029
23062
23063
23079
23094
#Las Villas
23048
23084
23095
23097
#Sierra de Cazorla
23028
23030
23042
23045
23047
23066
23070
23073
23080
#Sierra de Segura
23905
23012
23016
23037
23043
23072
23065
23071
23904
23081
23082
23091
23101
#Sierra Mágina
23001
23902
23015
23017
23018
23019
23901
23044
23052
23053
23054
23064
23067
23090