albacete1:
#albacete
02003
-0200305
-0200306
-0200308

albacete2:
#albacete
0200305
0200306
0200308
#campos de hellin
02037
02074
02033
02056
02004
#monte iberico
02009
02025
02029
02901
02010
02051
02039
02018
02061
02040
02027

albacete3:
#sierra de alcaraz
02053
02019
02057
02012
02063
02043
02008
02060
02071
02016
02006
02080
02065
02070
02062
02014
02022
02068
02076
02084
02085
02059
02038
02028
02047

#mancha jucar centro
02081
02069
02073
02035
02015
02048
02078
02032
02050
#manchuela
02024
02045
02079
02034
02075
02021
02046
02007
02026
02001
02005
02023
02020
02002
02052
02054
02064
02041
02066
02083
02013
02082
02036
02077
#sierra del segura
02030
02086
02072
02055
02067
02044
02042
02049
02017
02011
02031
02058