baleares1:
#palma
0704001
0704002

baleares2:
#palma
0704003
#marratxi
07036
0704004070
0704004074
0704004075
0704004076
0704004077
0704004078
0704004079
0704004080
0704004081
0704004082
0704004083
0704004087
0704004088

baleares3:
070400400
070400401
070400402
070400403
070400404
070400405
070400406
0704004071
0704004072
0704004073
0704004084
0704004085
0704004086

0704005
-0704005011
-0704005012
-0704005013
-0704005014

baleares4:
#Serra de Tramuntana
07005
07007
07010
07018
07019
07020
07021
07025
07045
07061
07063
07011
07042

#raiguer
07001
07008
07009
07012
07016
07029
07034
07056
07058

baleares5:
#alcudia, sa pobla, inca
07003
07027
07044

#pla de mallorca
07004
07901
07017
07028
07030
07035
07038
07039
07041
07043
07049
07053
07055
07047
07060
07065

#arta, capdepera
07006
07014

baleares6:
#palma
0704005011
0704005012
0704005013
0704005014

#manacor, sant llorenç, son servera
07033
07051
07062

#migjorn
07013
07022
07031
07059
07057

baleares7:
#ibiza+formentera
07048
07046
07050
07054
07026
07024

baleares8:
#menorca
07002
07015
07064
07037
07902
07023
07032
07052