toledo1:
#campana de oropesa
45028
45125
45181
45110
45082
45138
45007
45172
45179
45030
45073
45130
45005
45017
45029
45169
45184
45111
#la jara
45112
45113
45137
45006
45020
45072
45152
45162
45009
45108
45063
45150
45010
45103
45155
45033
45148
45065
45170
45139
45146
45194
#sierra de san vicente
45132
45045
45154
45097
45160
45144
45043
45114
45022
45074
45105
45049
45079
45131
45035
45011
45164
45120
45093
45068
45159
#talavera
45165


toledo2:
#la mancha
45142
45087
45053
45185
45106
45054
45135
45101
45187
45186
45192
45166
45167
45034
45141
45175
45149
45193
45027
#mesa de ocaña
45026
45050
45059
45071
45078
45084
45115
45121
45123
45156
45191
45195
45197
45198
45202

toledo3:
#la sagra
45081
45161
45205
45041
45064
45014
45176
45201
45119
45038
45180
45145
45056
45188
45199
45203
45021
45002
45047
45128
45183
45051
45085
45025
45127
45204

toledo4:
#bargas, olias, mocejon, magan, villaseca
45019
45088
45102
45122
45196
#gaudamur, arges, cobisa, burguillos, nambroca, layos, casasbuenas, almonacid, mascaraque, villaminaya
45012
45016
45023
45042
45052
45070
45083
45094
45107
45190


#toledo
45168

toledo5:
#montes de toledo
45163
45200
45109
45133
45067
45098
45177
45124
45001
45153
45140
45055
45182
45096
45116
45151
45090
45174
45092
45057
45075
#torrijos
45173
45066
45136
45099
45046
45031
45061
45158
45157
45118
45069
45013
45040
45134
45037
45089
45171
45143
45062
45024
45901
45117
45095
45189
45036
45076
45015
45147
45004
45003
45077
45086
45032
45018
45104
45091
45048
45058
45126
45039
45060
45100
45008
45129
45080