murcia1:
#murcia, beniel santomera
3003001040
3003001041
3003001042
3003001043
3003001044
3003001046
3003001049
3003001060
3003001064
3003001065
3003001066
3003001001
3003001005
3003001038
3003001056
3003004
30901
30010

murcia2:
#alcantarilla, murcia
30005
3003001
-3003001040
-3003001041
-3003001042
-3003001043
-3003001044
-3003001046
-3003001049
-3003001060
-3003001064
-3003001065
-3003001066
-3003001001
-3003001005
-3003001038
-3003001056
3003007

murcia3:
#murcia
3003002
3003003
3003005026
3003005044
3003005063
3003005027
3003005062
3003005036
3003005028
3003005029
3003005030
3003005031
3003006001
3003006002
3003006003
3003006028
3003006029
3003006011
3003006014
3003006007
3003006008
3003006032
3003006038

murcia4:
#Área Metropolitana de Murcia
3003005
-3003005026
-3003005044
-3003005063
-3003005027
-3003005062
-3003005036
-3003005028
-3003005029
-3003005030
-3003005031
3003006
-3003006001
-3003006002
-3003006003
-3003006028
-3003006029
-3003006011
-3003006014
-3003006007
-3003006008
-3003006032
-3003006038

3003008

#torre pacheco
30037

murcia5:
#cartagena
3001601
3001602
3001603
3001604
3001605
3001608

#la union
30041

murcia6:

#Campo de Cartagena
30902
3001606
3001607
30021
30035
30036

murcia7:
#cartagena
3001609
3001610
#Bajo Guadalentín
30008
30023
30026
3003901011
3003901019
3003901020

murcia8:
#Río Mula
30004
30014
30029
30032
#Noroeste
30012
30013
30015
30017
30028

#ricote, ojos, villanueva
30034
30031
30042

#lorca
3002402013
3002402014
3002402015
3002402016
3002402017
3002402019

#aledo, totana
30006
30039
-3003901011
-3003901019
-3003901020

murcia9:
#Vega Alta del Segura
30002
30011
30019
#altiplano
30022
30043

#ulea, archena
30009
30040

murcia10:
#Oriental
30001
30020
#Vega Media del Segura
30007
30018
30025
30027
30038

murcia11:
#Alto Guadalentín
30003
30024
-3002402013
-3002402014
-3002402015
-3002402016
-3002402017
-3002402019
30033