ciudadreal1:
#tomelloso, socuellamos, pedro muñoz, criptana, alcazarsj, arenales, argamasilla, llanos, herencia, villarta, puerto lapice
13005
13019
13028
13047
13061
13070
13078
13082
13097
13903
13904


ciudadreal2:
#campo de montiel
13093
13092
13089
13033
13057
13004
13032
13090
13037
13084
13074
13010
13081
13069
13014
13076
13008
13043
#la mancha
13087
13053
13039
13079
13096
13054
13018
13050
13902

ciudadreal3:
#campo de calatrava
13034
13056
13023
13013
13058
13027
13083
13066
13031
13009
13064
13045
13088
13022
13029
13095

ciudadreal4:
#puertollano, argamasilla, villamayor, corral, caracuel, pozuelos, alcolea, picon, fcaballero
13007
13020
13030
13035
13040
13062
13067
13071
13091

#valle de alcudia
13015
13001
13024
13046
13048
13026
13003
13025
13086
13002
13011
13012
13073
13038
#montes
13052
13063
13065
13044
13901
13068
13072
13036
13049
13006
13021
13051
13060
13017
13059
13041
#sierra morena
13077
13085
13098
13042
13016
13055
13080
13094
13075