caceres1:
#01: Cáceres
10007
10010
10012
10018
10021
10023
10027
10031
10037
10045
10049
10052
10056
10082
10098
10115
10125
10126
10170
10177
10178
10188
10192
10193
10194
10198
10201
10217

caceres2:
#04: Valencia de Alcántara
10046
10062
10094
10095
10119
10162
10169
10203
#10: Coria
10003
10038
10039
10040
10053
10059
10064
10067
10071
10072
10084
10088
10089
10093
10099
10100
10101
10128
10129
10139
10142
10143
10150
10151
10152
10155
10156
10164
10171
10187
10185
10189
10205
10207
10210
10211
10215
10902
#03: Brozas
10004
10008
10032
10061
10118
10133
10145
10208
10218
#08: Plasencia
10005
10016
10022
10025
10034
10036
10047
10054
10076
10081
10116
10123
10127
10130
10136
10138
10147
10148
10154
10167
10172
10175
10181
10184
10190
10191
10196
10202
10214
10903


caceres3:
#tornavacas, jerte, cabezuela del valle
10035
10183
10107

#10: Hervás
10001
10006
10015
10024
10041
10050
10051
10055
10063
10078
10080
10086
10090
10096
10106
10108
10117
10124
10135
10137
10144
10146
10174
10216
#02: Trujillo
10013
10011
10020
10066
10069
10073
10077
10092
10102
10103
10113
10121
10149
10153
10158
10161
10163
10165
10166
10168
10186
10195
10209
#05: Logrosán
10002
10009
10017
10029
10033
10043
10044
10087
10109
10112
10134
10219
#06: Navalmoral de la Mata
10019
10026
10028
10030
10042
10048
10057
10058
10060
10070
10075
10083
10085
10097
10114
10120
10122
10131
10132
10140
10141
10159
10160
10901
10173
10176
10180
10182
10197
10199
10200
10213
10904
#07: Jaraiz de la Vera
10014
10065
10068
10079
10091
10104
10105
10110
10111
10157
10179
10204
10206
10212