cuenca1:
#alcarria
16005
16006
16009
16020
16011
16025
16027
16038
16041
16045
16051
16050
16067
16071
16094
16112
16156
16119
16140
16143
16160
16162
16170
16173
16185
16188
16193
16206
16209
16906
16228
16240
16250
16246
16254
16910
16259
16265
16272
16275
16242
#la mancha
16203
16154
16190
16133
16106
16249
16171
16124
16033
16007
16102
16061
16086
16191
16153
16236
16100
16901
16064
16148
16130
16196
16195
16264
16186
16269
16238
16145
16211
16015
16243
16065
16018
16172
16266
16253
16139
16216
16279
16167
16273
16166
16103
16032
16212
16159
16047
16087
16002
16073
16016
16099
16019
16270
16218
16010
16034
16101
16255
16072
16049
16277
16129
16012
16058
16110
16217
16026
16247
16151
16128
16108
16181
16176
16132
16213
#serrania alta
16053
16035
16215
16121
16111
16239
16107
16224
16057
16123
16091
16116
16278
16165
16197
16169
16115
16079
16234
16219

#cuenca
1607801

cuenca2:
#serrania media
16078
-1607801
16903
16117
16905
16263
16202
16052
16126
16909
16055
16014
16056
16245
16048
16904
16089
16017
16082
16023
16004
16189
16046
16258
16122
16194
16280
16135
16097
16149
16141
16085
16274
16902
16024
16036
16088
16008
16227
16205
16131
16150
16043
16177
16093
16040
16095
16022
16146
16187
16029
16163
16225
16001
16147
16031
16083
16109
16161
16192
16081
16137
16084
16044
16074
16152
16070
16199
16062
16276
16030
16013
#manchuela
16175
16134
16113
16066
16125
16251
16198
16118
16042
16248
16060
16271
16244
16155
16098
16158
16039
16096
16204
16157
16908
16174
16092
16068
16142
16003
16063
16237
16231
16104
