burgos1:
#burgos
0905901
0905902
0905903
0905904
0905905
0905906
0905907
0905908

burgos2:
#burgos
0905909

#alfoz
09009
09907
09023
09026
09029
09044
09058
09072
09073
09074
09075
09086
09063
09093
09095
09108
09114
09125
09128
09133
09162
09167
09172
09176
09177
09297
09030
09906
09221
09241
09248
09259
09266
09287
09288
09301
09304
09314
09315
09326
09332
09335
09338
09362
09372
09377
09904
09902
09434
09439
09447
09458
09463
09471
#ebro
09013
09016
09054
09057
09109
09120
09276
09219
09251
09347
09419
#bureba
09001
09006
09007
09010
09036
09043
09052
09056
09060
09068
09071
09076
09077
09083
09115
09135
09143
09149
09195
09220
09224
09230
09238
09244
09265
09272
09273
09280
09283
09292
09298
09310
09323
09327
09328
09329
09334
09353
09354
09408
09422
09423
09454
09485

burgos3:
09
#alfoz
-09009
-09907
-09023
-09026
-09029
-09044
-09058
-09059
-09072
-09073
-09074
-09075
-09086
-09063
-09093
-09095
-09108
-09114
-09125
-09128
-09133
-09162
-09167
-09172
-09176
-09177
-09297
-09030
-09906
-09221
-09241
-09248
-09259
-09266
-09287
-09288
-09301
-09304
-09314
-09315
-09326
-09332
-09335
-09338
-09362
-09372
-09377
-09904
-09902
-09434
-09439
-09447
-09458
-09463
-09471
#ebro
-09013
-09016
-09054
-09057
-09109
-09120
-09276
-09219
-09251
-09347
-09419
#bureba
-09001
-09006
-09007
-09010
-09036
-09043
-09052
-09056
-09060
-09068
-09071
-09076
-09077
-09083
-09115
-09135
-09143
-09149
-09195
-09220
-09224
-09230
-09238
-09244
-09265
-09272
-09273
-09280
-09283
-09292
-09298
-09310
-09323
-09327
-09328
-09329
-09334
-09353
-09354
-09408
-09422
-09423
-09454
-09485
