leon1:
24089

leon2:
#tierra de leon
24065
24061
24076
24079
24105
24142
24162
24163
24175
24189
24197
24201
24222
24225
24227
24180
24213
24052
24118
24063
24151


#sahagun
24004
24018
24031
24050
24051
24024
24069
24077
24080
24086
24139
24156
24191
24215
24226
24229
24222


#montaña del riaño
24001
24020
24021
24025
24056
24060
24068
24096
24106
24116
24120
24121
24129
24130
24137
24177
24179
24183
24193
24199






leon3:
#el bierzo
24007
24009
24011
24014
24016
24019
24022
24027
24030
24034
24036
24038
24041
24049
24057
24059
24064
24070
24071
24083
24100
24102
24103
24109
24110
24112
24115
24119
24122
24143
24165
24206
24169
24170
24171
24196
24198
24209

leon4:
24
-24007
-24009
-24011
-24014
-24016
-24019
-24022
-24027
-24030
-24034
-24036
-24038
-24041
-24049
-24057
-24059
-24064
-24070
-24071
-24083
-24100
-24102
-24103
-24109
-24110
-24112
-24115
-24119
-24122
-24143
-24206
-24169
-24170
-24171
-24196
-24198
-24209
-24165

-24065
-24061
-24076
-24079
-24089
-24105
-24142
-24162
-24163
-24175
-24189
-24197
-24201
-24222
-24180
-24213
-24052
-24118
-24063
-24151

-24004
-24018
-24031
-24050
-24051
-24024
-24069
-24077
-24080
-24086
-24139
-24156
-24191
-24215
-24226
-24229
-24222
-24225
-24227


#montaña del riaño
-24001
-24020
-24021
-24025
-24056
-24060
-24068
-24096
-24106
-24116
-24120
-24121
-24129
-24130
-24137
-24177
-24179
-24183
-24193
-24199
