huesca1:
#alto gallego
22059
22072
22122
22170
22199
22204
22252
22253
#Hoya de Huesca
22004
22011
22014
22015
22019
22021
22027
22029
22036
22037
22039
22047
22063
22064
22081
22096
22119
22125
22126
22127
22149
22150
22151
22905
22156
22162
22163
22173
22178
22181
22195
22203
22220
22222
22904
22228
22239
22248
#Jacetania
22006
22028
22032
22044
22068
22076
22078
22086
22106
22130
22131
22902
22208
22209
22901
22250
#Sobrarbe
22002
22907
22051
22057
22066
22069
22107
22109
22113
22114
22133
22144
22168
22182
22189
22190
22207
22227
22230

huesca2:
#Bajo Cinca
22046
22052
22077
22094
22112
22165
22167
22234
22245
22254
#Cinca Medio
22007
22017
22020
22022
22060
22110
22158
22193
22903
#La Litera
22009
22016
22025
22040
22043
22045
22061
22075
22089
22099
22175
22205
22225
22909
22247
#Monegros
22008
22012
22013
22018
22023
22049
22079
22083
22085
22116
22124
22136
22137
22172
22184
22197
22206
22213
22217
22218
22226
22232
22236
22242
22251
#Ribagorza
22035
22053
22054
22062
22067
22074
22080
22084
22087
22095
22105
22111
22117
22129
22142
22143
22155
22157
22177
22187
22188
22200
22212
22214
22215
22221
22223
22229
22233
22243
22244
22246
22249
#Somontano
22001
22003
22024
22041
22042
22048
22050
22055
22058
22082
22088
22090
22102
22103
22115
22908
22128
22135
22139
22141
22160
22164
22174
22176
22186
22201
22202
22906
22235