tarragona1:
#tarragona
43148

tarragona2:
#baix penedes
43002
43016
43020
43024
43028
43030
43037
43051
43074
43079
43090
43137
43140
43163

#altafulla, torredembarra, la pobla Montornes, creixell, roda
43012
43050
43111
43131
43153

tarragona3:
#reus, vila-seca, la canonja
43123
43171
43907

tarragona4:
#resto tarragones - salou
43043
43047
43095
43097
43100
43103
43109
43122
43126
43135
43144
43164
43166

#alt camp
43001
43005
43010
43034
43036
43059
43066
43080
43083
43089
43091
43098
43108
43113
43119
43120
43124
43132
43134
43160
43161
43165
43170

#la conca
43021
43029
43046
43054
43061
43073
43086
43101
43105
43107
43141
43130
43139
43142
43143
43146
43147
43158
43159
43168
43172
43176

#baix camp - reus, vandellos, mont-roig, cambrils, vinyols
43003
43007
43009
43011
43015
43017
43031
43033
43039
43042
43045
43053
43057
43081
43088
43116
43118
43127
43128
43129
43145
43167
43169

tarragona5:
#montsia
43004
43014
43062
43063
43068
43077
43078
43136
43902
43138
43044
43156

#tortosa, deltebre, roquetes, l'aldea, camarles, l'ampolla
43904
43906
43903
43901
43133
43155

tarragona6:
#priorat
43023
43027
43035
43040
43049
43055
43058
43069
43070
43072
43076
43075
43082
43085
43096
43112
43114
43115
43151
43154
43157
43173
43174

#ribera d'ebre
43019
43026
43060
43065
43067
43084
43093
43094
43099
43121
43125
43150
43152
43177

#terra alta
43018
43022
43032
43041
43048
43056
43064
43071
43106
43110
43117
43175

#resto baix ebre
43006
43008
43013
43025
43102
43104
43149
43052

#vandellos, mont-roig, cambrils, salou, vinyols
43162
43092
43038
43905
43178