girona1:
#alt emporda - l'escala
17001
17003
17011
17012
17016
17234
17029
17026
17031
17030
17032
17041
17042
17047
17051
17054
17060
17064
17005
17066
17074
17075
17077
17086
17088
17092
17093
17102
17100
17106
17111
17115
17119
17120
17128
17129
17132
17135
17136
17140
17138
17143
17151
17152
17158
17171
17175
17176
17178
17182
17187
17188
17052
17196
17198
17014
17210
17214
17217
17221
17223
17225
17226
17227
17228
17230
17222

girona2:
#baix emporda - st cr d'aro, st feliu guixols
17004
17013
17018
17022
17034
17048
17055
17057
17901
17068
17070
17902
17076
17081
17085
17110
17117
17118
17121
17124
17126
17130
17144
17153
17191
17195
17197
17199
17204
17205
17203
17209
17211
17232

#l'escala
17062

girona3:
#girona y salt
17079
17155

girona4:
#resto girones
17002
17020
17025
17038
17040
17044
17049
17050
17067
17073
17087
17089
17090
17097
17142
17157
17163
17168
17166
17169
17172
17173
17186
17215
17216

#st cristina d'aro, st feliu de guixols
17181
17160


#tossa, lloret123
17202
1709501
1709502
1709503


girona5:
#la selva - tossa, lloret123
17007
17008
17009
17027
17028
17033
17189
17083
17103
17101
17116
17146
17148
17150
17159
17164
17903
17180
17193
17194
17213
17233
17023
1709504

#osona
17063
17220

girona6:
#pla de l'estany
17015
17035
17056
17058
17065
17071
17123
17137
17174
17190
17218

#garrotxa
17010
17019
17021
17046
17098
17105
17109
17114
17133
17139
17149
17154
17183
17161
17162
17165
17185
17184
17200
17208
17207

#ripolles
17036
17037
17039
17080
17091
17096
17107
17112
17125
17134
17043
17145
17147
17167
17177
17192
17201
17170
17224

#cerdanya
17006
17024
17061
17069
17078
17082
17084
17094
17099
17141
17206

#osona
17212